0 0.05610236220472441 0.3188976377952756 0.017716535433070866 0.023622047244094488
0 0.12401574803149606 0.2795275590551181 0.01968503937007874 0.023622047244094488
0 0.2559055118110236 0.47506561679790027 0.011811023622047244 0.07349081364829396
0 0.2992125984251969 0.46194225721784776 0.011811023622047244 0.06299212598425197
0 0.7135826771653543 0.631233595800525 0.013779527559055118 0.05511811023622047
0 0.7736220472440944 0.5721784776902887 0.015748031496062992 0.05774278215223097
0 0.2470472440944882 0.8359580052493438 0.013779527559055118 0.05511811023622047
0 0.1860236220472441 0.8267716535433071 0.013779527559055118 0.047244094488188976
0 0.937992125984252 0.9658792650918635 0.013779527559055118 0.047244094488188976
0 0.9822834645669292 0.9671916010498688 0.015748031496062992 0.049868766404199474
0 0.05511811023622047 0.6469816272965879 0.015748031496062992 0.01837270341207349