0 0.28784860557768926 0.6774691358024691 0.021912350597609563 0.040123456790123455
0 0.3436254980079681 0.6126543209876543 0.021912350597609563 0.040123456790123455
0 0.4292828685258964 0.7638888888888888 0.01792828685258964 0.046296296296296294
0 0.48406374501992033 0.7345679012345678 0.01593625498007968 0.043209876543209874
0 0.4940239043824701 0.5540123456790124 0.01593625498007968 0.033950617283950615
0 0.42729083665338646 0.5015432098765432 0.013944223107569721 0.033950617283950615
0 0.08266932270916334 0.18055555555555555 0.01792828685258964 0.05246913580246913
0 0.13147410358565736 0.17129629629629628 0.01593625498007968 0.05246913580246913
0 0.24601593625498008 0.12654320987654322 0.013944223107569721 0.08641975308641975
0 0.28685258964143423 0.12962962962962962 0.01195219123505976 0.08024691358024691
0 0.947211155378486 0.046296296296296294 0.01792828685258964 0.06172839506172839