0 0.09584980237154149 0.3118811881188119 0.10474308300395256 0.04950495049504951
0 0.09881422924901186 0.334983498349835 0.10276679841897232 0.04950495049504951
0 0.22332015810276679 0.25577557755775576 0.07509881422924901 0.0627062706270627
0 0.23122529644268774 0.27887788778877887 0.07114624505928853 0.04950495049504951
0 0.33498023715415015 0.20132013201320131 0.07707509881422925 0.0594059405940594
0 0.33992094861660077 0.22112211221122113 0.07905138339920947 0.052805280528052806
0 0.341897233201581 0.24092409240924093 0.07905138339920947 0.04620462046204621
0 0.5187747035573123 0.1419141914191419 0.11660079051383399 0.052805280528052806
0 0.49209486166007904 0.18151815181518152 0.17391304347826086 0.07920792079207921
0 0.7865612648221343 0.07920792079207921 0.07114624505928853 0.04620462046204621
0 0.9239130434782608 0.23267326732673269 0.1284584980237154 0.31353135313531355