0 0.2776659959758552 0.4620253164556962 0.048289738430583505 0.05063291139240506
0 0.24849094567404428 0.6439873417721519 0.04627766599597586 0.05379746835443038
0 0.37223340040241454 0.8939873417721519 0.048289738430583505 0.04746835443037974
0 0.5080482897384306 0.5981012658227848 0.05030181086519115 0.056962025316455694
0 0.7173038229376258 0.6408227848101266 0.04627766599597586 0.05379746835443038
0 0.6046277665995976 0.32436708860759494 0.04225352112676057 0.06645569620253164
0 0.7655935613682093 0.3528481012658228 0.04225352112676057 0.06645569620253164
0 0.9366197183098592 0.6329113924050633 0.04627766599597586 0.06329113924050633
0 0.8822937625754528 0.21360759493670886 0.05432595573440644 0.07911392405063292
0 0.8269617706237425 0.01740506329113924 0.03219315895372234 0.04113924050632911
0 0.6297786720321932 0.056962025316455694 0.03219315895372234 0.05063291139240506