0 0.8682634730538922 0.16885245901639345 0.04790419161676646 0.07540983606557378
0 0.6427145708582834 0.2180327868852459 0.04391217564870259 0.04918032786885246
0 0.7854291417165667 0.4081967213114754 0.057884231536926144 0.036065573770491806
0 0.5179640718562873 0.4262295081967213 0.03792415169660678 0.04590163934426229
0 0.49101796407185627 0.047540983606557376 0.05189620758483034 0.05573770491803279
0 0.1526946107784431 0.3819672131147541 0.06187624750499002 0.04262295081967213
0 0.5279441117764471 0.5704918032786885 0.01397205588822355 0.04590163934426229
0 0.5409181636726547 0.5557377049180328 0.011976047904191616 0.06229508196721312
0 0.5528942115768463 0.5622950819672131 0.015968063872255488 0.07540983606557378
0 0.5708582834331337 0.559016393442623 0.011976047904191616 0.07540983606557378
0 0.5848303393213572 0.5573770491803278 0.015968063872255488 0.07868852459016393