0 0.1545275590551181 0.11525974025974027 0.021653543307086614 0.061688311688311695
0 0.17618110236220472 0.44642857142857145 0.04133858267716535 0.07467532467532469
0 0.4232283464566929 0.5308441558441559 0.023622047244094488 0.08766233766233766
0 0.24901574803149606 0.8717532467532468 0.049212598425196846 0.06818181818181819
0 0.5767716535433071 0.650974025974026 0.023622047244094488 0.09415584415584416
0 0.6210629921259843 0.18181818181818182 0.017716535433070866 0.06493506493506494
0 0.6781496062992126 0.4675324675324676 0.021653543307086614 0.05844155844155845
0 0.7746062992125984 0.42045454545454547 0.021653543307086614 0.0551948051948052
0 0.8297244094488189 0.7711038961038962 0.05708661417322834 0.08116883116883117
0 0.8356299212598425 0.8474025974025975 0.04133858267716535 0.07142857142857144
0 0.8937007874015748 0.44642857142857145 0.01968503937007874 0.0551948051948052
0 0.9744094488188976 0.2548701298701299 0.023622047244094488 0.0551948051948052