0 0.08333333333333333 0.7718832891246684 0.058232931726907626 0.03713527851458886
0 0.570281124497992 0.6405835543766578 0.048192771084337345 0.03978779840848806
0 0.7941767068273091 0.5981432360742706 0.04618473895582329 0.0663129973474801
0 0.7128514056224899 0.7904509283819628 0.056224899598393566 0.02652519893899204
0 0.44277108433734935 0.8090185676392573 0.038152610441767064 0.03713527851458886
0 0.4186746987951807 0.4986737400530504 0.0502008032128514 0.04774535809018567
0 0.5120481927710843 0.903183023872679 0.01606425702811245 0.04509283819628647
0 0.4989959839357429 0.9111405835543767 0.014056224899598391 0.05039787798408488
0 0.48192771084337344 0.916445623342175 0.01606425702811245 0.06100795755968169
0 0.46686746987951805 0.9111405835543767 0.014056224899598391 0.055702917771883284
0 0.4548192771084337 0.9270557029177718 0.018072289156626505 0.03978779840848806