0 0.24110671936758893 0.09562841530054644 0.02766798418972332 0.060109289617486336
0 0.15019762845849802 0.15710382513661203 0.02766798418972332 0.05191256830601093
0 0.11363636363636363 0.3401639344262295 0.037549407114624504 0.04644808743169399
0 0.09189723320158102 0.575136612021858 0.04150197628458498 0.05191256830601093
0 0.008893280632411066 0.8183060109289617 0.021739130434782608 0.03551912568306011
0 0.24802371541501975 0.5983606557377049 0.04940711462450593 0.06557377049180328
0 0.20059288537549405 0.8469945355191257 0.04150197628458498 0.04918032786885246
0 0.36166007905138337 0.47540983606557374 0.05533596837944664 0.07103825136612021
0 0.3053359683794466 0.29918032786885246 0.04150197628458498 0.06830601092896176
0 0.41699604743083 0.8456284153005464 0.04743083003952569 0.05737704918032787
0 0.41798418972332013 0.15163934426229508 0.029644268774703556 0.04644808743169399
0 0.4654150197628458 0.25546448087431695 0.029644268774703556 0.05191256830601093
0 0.5286561264822134 0.36475409836065575 0.029644268774703556 0.04644808743169399
0 0.5958498023715415 0.5163934426229508 0.021739130434782608 0.03825136612021858
0 0.5494071146245059 0.6516393442622951 0.02766798418972332 0.03551912568306011
0 0.674901185770751 0.22131147540983606 0.03359683794466403 0.03825136612021858
0 0.6324110671936758 0.35792349726775957 0.03162055335968379 0.04371584699453552
0 0.541501976284585 0.0942622950819672 0.01976284584980237 0.030054644808743168
0 0.5276679841897233 0.19672131147540983 0.023715415019762844 0.03278688524590164
0 0.6353754940711462 0.8565573770491803 0.029644268774703556 0.040983606557377046