0 0.16731898238747553 0.19130434782608696 0.04892367906066536 0.0463768115942029
0 0.13992172211350293 0.3565217391304348 0.04892367906066536 0.0463768115942029
0 0.2583170254403131 0.5840579710144927 0.050880626223091974 0.043478260869565216
0 0.3405088062622309 0.755072463768116 0.05870841487279843 0.04927536231884058
0 0.39236790606653615 0.3159420289855073 0.04892367906066536 0.0463768115942029
0 0.48532289628180036 0.06666666666666667 0.03913894324853229 0.057971014492753624
0 0.6428571428571428 0.09565217391304348 0.0410958904109589 0.06956521739130435
0 0.5939334637964775 0.3536231884057971 0.0410958904109589 0.052173913043478265
0 0.8101761252446184 0.3507246376811594 0.043052837573385516 0.057971014492753624
0 0.6555772994129159 0.9289855072463769 0.0547945205479452 0.06086956521739131
0 0.9422700587084148 0.14782608695652175 0.025440313111545987 0.0463768115942029