0 0.10588235294117647 0.29742765273311894 0.043137254901960784 0.04180064308681672
0 0.13529411764705881 0.5096463022508039 0.047058823529411764 0.03536977491961415
0 0.3205882352941176 0.31189710610932475 0.060784313725490195 0.05144694533762058
0 0.3029411764705882 0.6446945337620579 0.041176470588235294 0.03536977491961415
0 0.4872549019607843 0.49356913183279744 0.041176470588235294 0.03536977491961415
0 0.5843137254901961 0.31189710610932475 0.0392156862745098 0.03858520900321544
0 0.634313725490196 0.49517684887459806 0.03725490196078431 0.03215434083601286
0 0.7215686274509804 0.1752411575562701 0.027450980392156862 0.028938906752411574
0 0.7382352941176471 0.8022508038585209 0.03725490196078431 0.03536977491961415
0 0.8117647058823529 0.545016077170418 0.03529411764705882 0.03536977491961415
0 0.8274509803921568 0.30385852090032156 0.03137254901960784 0.03536977491961415