0 0.5479041916167664 0.25089605734767023 0.02994011976047904 0.035842293906810034
0 0.5319361277445109 0.37992831541218636 0.03393213572854291 0.043010752688172046
0 0.6047904191616766 0.553763440860215 0.03592814371257485 0.03942652329749104
0 0.6586826347305389 0.6845878136200717 0.03592814371257485 0.035842293906810034
0 0.6896207584830338 0.35125448028673834 0.03393213572854291 0.043010752688172046
0 0.8552894211576846 0.8172043010752689 0.03792415169660678 0.05017921146953405
0 0.748502994011976 0.15591397849462366 0.0279441117764471 0.04659498207885305
0 0.8193612774451097 0.3763440860215054 0.02594810379241517 0.043010752688172046
0 0.8483033932135727 0.1774193548387097 0.0279441117764471 0.053763440860215055
0 0.9540918163672654 0.3763440860215054 0.03592814371257485 0.05017921146953405
0 0.9201596806387224 0.07885304659498207 0.03592814371257485 0.05734767025089606