0 0.3232421875 0.03773584905660377 0.029296875 0.052830188679245285
0 0.4306640625 0.15283018867924528 0.013671875 0.033962264150943396
0 0.4677734375 0.11509433962264151 0.013671875 0.04150943396226415
0 0.4140625 0.26037735849056604 0.015625 0.03773584905660377
0 0.267578125 0.4641509433962264 0.0234375 0.03018867924528302
0 0.2578125 0.5566037735849056 0.0234375 0.033962264150943396
0 0.30859375 0.6811320754716981 0.0234375 0.026415094339622643
0 0.3447265625 0.7735849056603774 0.025390625 0.03018867924528302
0 0.365234375 0.5339622641509434 0.01953125 0.026415094339622643
0 0.4033203125 0.39433962264150946 0.017578125 0.026415094339622643
0 0.470703125 0.41132075471698115 0.01953125 0.03018867924528302
0 0.451171875 0.5547169811320755 0.01953125 0.03018867924528302
0 0.4736328125 0.8716981132075472 0.025390625 0.03018867924528302
0 0.541015625 0.5547169811320755 0.01953125 0.03018867924528302
0 0.517578125 0.33773584905660375 0.01953125 0.04150943396226415
0 0.4951171875 0.2358490566037736 0.017578125 0.04150943396226415
0 0.541015625 0.1471698113207547 0.01171875 0.03018867924528302
0 0.5615234375 0.20566037735849058 0.013671875 0.026415094339622643
0 0.5869140625 0.17358490566037735 0.009765625 0.022641509433962266
0 0.5927734375 0.11320754716981132 0.013671875 0.022641509433962266
0 0.5869140625 0.27358490566037735 0.013671875 0.026415094339622643
0 0.630859375 0.269811320754717 0.01171875 0.026415094339622643
0 0.6513671875 0.18867924528301888 0.017578125 0.03018867924528302
0 0.6337890625 0.6830188679245283 0.013671875 0.022641509433962266
0 0.6328125 0.5584905660377358 0.01171875 0.022641509433962266
0 0.59765625 0.439622641509434 0.01171875 0.026415094339622643
0 0.6162109375 0.36415094339622645 0.009765625 0.026415094339622643
0 0.6376953125 0.4169811320754717 0.009765625 0.018867924528301886
0 0.6875 0.6547169811320754 0.0078125 0.026415094339622643