0 0.1868787276341948 0.08461538461538462 0.02783300198807157 0.05846153846153846
0 0.10238568588469184 0.14769230769230768 0.017892644135188866 0.04923076923076923
0 0.06858846918489064 0.33384615384615385 0.03379721669980119 0.052307692307692305
0 0.04473161033797216 0.5769230769230769 0.03777335984095427 0.052307692307692305
0 0.147117296222664 0.8523076923076923 0.03976143141153081 0.04923076923076923
0 0.1938369781312127 0.6046153846153847 0.041749502982107355 0.05846153846153846
0 0.24254473161033796 0.29384615384615387 0.03578528827037773 0.05846153846153846
0 0.2952286282306163 0.47384615384615386 0.04572564612326043 0.06769230769230769
0 0.34592445328031807 0.8476923076923077 0.04373757455268389 0.052307692307692305
0 0.3886679920477137 0.25076923076923074 0.025844930417495027 0.052307692307692305
0 0.3439363817097415 0.13692307692307693 0.02385685884691849 0.046153846153846156
0 0.4592445328031809 0.08307692307692308 0.019880715705765405 0.03076923076923077
0 0.4453280318091451 0.18769230769230769 0.019880715705765405 0.024615384615384615
0 0.5825049701789263 0.2153846153846154 0.02783300198807157 0.043076923076923075
0 0.5437375745526838 0.35384615384615387 0.025844930417495027 0.04923076923076923
0 0.4483101391650099 0.35846153846153844 0.025844930417495027 0.046153846153846156
0 0.5089463220675944 0.5169230769230769 0.02783300198807157 0.03692307692307692
0 0.46719681908548705 0.6523076923076923 0.02385685884691849 0.043076923076923075
0 0.5457256461232604 0.8615384615384616 0.025844930417495027 0.043076923076923075