0 0.09760956175298804 0.08787878787878788 0.02390438247011952 0.07878787878787878
0 0.07270916334661355 0.5727272727272728 0.07370517928286853 0.10303030303030303
0 0.350597609561753 0.19545454545454546 0.055776892430278883 0.07575757575757576
0 0.3595617529880478 0.2696969696969697 0.04183266932270916 0.07272727272727272
0 0.3565737051792829 0.8166666666666667 0.03187250996015936 0.0696969696969697
0 0.4551792828685259 0.740909090909091 0.03386454183266932 0.07575757575757576
0 0.5239043824701195 0.9712121212121212 0.0398406374501992 0.045454545454545456
0 0.6543824701195219 0.803030303030303 0.029880478087649404 0.05454545454545454
0 0.703187250996016 0.9318181818181818 0.03187250996015936 0.05757575757575758
0 0.7868525896414342 0.7333333333333333 0.027888446215139442 0.04242424242424243
0 0.7709163346613546 0.8606060606060606 0.0199203187250996 0.03636363636363636
0 0.9342629482071713 0.8924242424242425 0.0398406374501992 0.051515151515151514