0 0.07669322709163347 0.09567901234567901 0.061752988047808766 0.04938271604938271
0 0.05876494023904382 0.4151234567901234 0.04183266932270916 0.033950617283950615
0 0.2450199203187251 0.2716049382716049 0.0398406374501992 0.037037037037037035
0 0.3954183266932271 0.2700617283950617 0.03386454183266932 0.033950617283950615
0 0.3446215139442231 0.09567901234567901 0.043824701195219126 0.043209876543209874
0 0.5896414342629482 0.08487654320987653 0.03187250996015936 0.033950617283950615
0 0.5747011952191236 0.32098765432098764 0.03386454183266932 0.030864197530864196
0 0.5029880478087649 0.566358024691358 0.037848605577689244 0.027777777777777776
0 0.4392430278884462 0.8595679012345678 0.04183266932270916 0.021604938271604937
0 0.5776892430278885 0.8688271604938271 0.02390438247011952 0.027777777777777776
0 0.8217131474103585 0.8425925925925926 0.021912350597609563 0.024691358024691357
0 0.8824701195219123 0.9043209876543209 0.027888446215139442 0.024691358024691357