0 0.23210633946830267 0.05198776758409786 0.04294478527607362 0.04892966360856269
0 0.3967280163599182 0.191131498470948 0.02044989775051125 0.03363914373088685
0 0.3701431492842536 0.3180428134556575 0.0245398773006135 0.03669724770642202
0 0.14826175869120656 0.5611620795107034 0.034764826175869123 0.03363914373088685
0 0.13292433537832313 0.6712538226299695 0.03680981595092025 0.039755351681957186
0 0.21063394683026587 0.8211009174311926 0.03680981595092025 0.03363914373088685
0 0.2638036809815951 0.9311926605504587 0.03680981595092025 0.03363914373088685
0 0.2955010224948876 0.6422018348623854 0.030674846625766874 0.03058103975535168
0 0.3568507157464213 0.4801223241590214 0.030674846625766874 0.03669724770642202
0 0.42740286298568514 0.6681957186544343 0.02862985685071575 0.039755351681957186
0 0.45910020449897754 0.4969418960244648 0.030674846625766874 0.045871559633027525
0 0.4550102249488753 0.1452599388379205 0.022494887525562373 0.039755351681957186
0 0.49488752556237225 0.2874617737003058 0.02862985685071575 0.04281345565749235
0 0.532719836400818 0.41131498470948014 0.034764826175869123 0.05198776758409786
0 0.5664621676891616 0.6666666666666666 0.032719836400818 0.04281345565749235
0 0.5674846625766872 0.1834862385321101 0.018404907975460124 0.03669724770642202
0 0.647239263803681 0.1452599388379205 0.014314928425357875 0.021406727828746176
0 0.5971370143149285 0.25535168195718655 0.02044989775051125 0.03363914373088685
0 0.6370143149284254 0.3318042813455658 0.022494887525562373 0.03363914373088685
0 0.6370143149284254 0.21406727828746178 0.014314928425357875 0.024464831804281346
0 0.7331288343558283 0.23700305810397554 0.022494887525562373 0.03363914373088685
0 0.7044989775051126 0.3302752293577982 0.018404907975460124 0.03058103975535168
0 0.6533742331288345 0.5351681957186545 0.018404907975460124 0.03058103975535168
0 0.7055214723926381 0.672782874617737 0.0245398773006135 0.03058103975535168
0 0.7065439672801637 0.8195718654434251 0.022494887525562373 0.024464831804281346
0 0.6809815950920246 0.43883792048929665 0.016359918200409 0.027522935779816515
0 0.7903885480572598 0.7874617737003058 0.014314928425357875 0.021406727828746176